diagnosis.baseline = -0.7222009721639286
monitoring.cd4.threshold = 500
person.art.accept.threshold.dist.fixed.value = 0.9
conception.alpha_base = -3.8016678109153306
